029.nii.gz 155 238 263 1
029.nii.gz 158 242 265 1
029.nii.gz 162 243 266 1
029.nii.gz 166 245 266 1
029.nii.gz 170 244 265 1
029.nii.gz 185 284 228 1
029.nii.gz 193 286 240 1
029.nii.gz 200 291 250 1
029.nii.gz 194 283 216 1
029.nii.gz 202 275 207 1
029.nii.gz 186 165 219 1
029.nii.gz 189 175 229 1
029.nii.gz 191 188 234 1
029.nii.gz 191 201 237 1
029.nii.gz 191 208 242 1
029.nii.gz 197 179 325 1
029.nii.gz 201 189 316 1
029.nii.gz 203 192 304 1
029.nii.gz 203 200 294 1
029.nii.gz 210 212 292 1
029.nii.gz 201 252 309 1
029.nii.gz 203 248 299 1
029.nii.gz 207 237 279 1
029.nii.gz 207 234 259 1
029.nii.gz 205 247 270 1
029.nii.gz 221 223 316 1
029.nii.gz 226 283 193 1
029.nii.gz 351 216 319 1
029.nii.gz 360 214 319 1
029.nii.gz 368 220 320 1
029.nii.gz 377 221 324 1
029.nii.gz 386 222 328 1
029.nii.gz 353 227 302 1
029.nii.gz 355 219 310 1
029.nii.gz 362 288 322 1
029.nii.gz 373 233 266 1
029.nii.gz 376 194 252 1
029.nii.gz 376 199 254 1
029.nii.gz 377 204 257 1
029.nii.gz 377 209 257 1
e0669.nii.gz 78 94 275 1
e0669.nii.gz 136 365 114 1
e0669.nii.gz 139 365 115 1
e0669.nii.gz 142 364 116 1
e0669.nii.gz 145 364 117 1
e0669.nii.gz 147 364 120 1
e0669.nii.gz 156 253 154 1
e0669.nii.gz 169 333 253 1
e0669.nii.gz 338 384 158 1
e0669.nii.gz 360 371 114 1
e0501.nii.gz 340 287 356 1
e0501.nii.gz 354 313 189 1
e0501.nii.gz 357 309 182 1
e0501.nii.gz 360 312 166 1
e0501.nii.gz 362 318 150 1
e0314.nii.gz 159 240 155 1
e0314.nii.gz 184 264 145 1
e0314.nii.gz 192 272 115 1
e0314.nii.gz 203 298 106 1
e0314.nii.gz 210 308 63 1
e0314.nii.gz 338 227 373 1
e0314.nii.gz 339 282 378 1
e0367.nii.gz 165 341 195 1
e0367.nii.gz 175 315 225 1
e0367.nii.gz 191 282 218 1
e0367.nii.gz 190 305 239 1
e0367.nii.gz 219 285 248 1
e0367.nii.gz 198 296 301 1
e0367.nii.gz 204 291 299 1
e0367.nii.gz 207 285 294 1
e0367.nii.gz 211 279 291 1
e0367.nii.gz 211 272 291 1
e0367.nii.gz 214 280 302 1
e0367.nii.gz 215 280 307 1
e0367.nii.gz 299 370 209 1
e0367.nii.gz 304 361 244 1
e0367.nii.gz 305 344 276 1
e0367.nii.gz 310 348 247 1
e0367.nii.gz 299 371 203 1
e0367.nii.gz 318 376 170 1
024.nii.gz 103 313 180 1
024.nii.gz 106 313 184 1
024.nii.gz 110 314 187 1
024.nii.gz 112 312 191 1
024.nii.gz 116 310 195 1
024.nii.gz 131 267 333 1
024.nii.gz 133 268 335 1
024.nii.gz 135 269 335 1
024.nii.gz 137 270 335 1
024.nii.gz 139 271 336 1
024.nii.gz 141 271 336 1
024.nii.gz 140 224 257 1
024.nii.gz 142 226 258 1
024.nii.gz 144 228 259 1
024.nii.gz 146 230 259 1
024.nii.gz 148 232 259 1
024.nii.gz 144 290 264 1
024.nii.gz 165 279 278 1
024.nii.gz 162 304 254 1
024.nii.gz 163 316 206 1
024.nii.gz 176 313 169 1
024.nii.gz 149 308 347 1
024.nii.gz 150 320 312 1
024.nii.gz 152 314 305 1
024.nii.gz 152 308 299 1
024.nii.gz 155 302 294 1
024.nii.gz 159 295 296 1
024.nii.gz 161 304 352 1
024.nii.gz 167 305 349 1
024.nii.gz 171 299 347 1
024.nii.gz 173 293 347 1
024.nii.gz 162 251 321 1
024.nii.gz 250 266 331 1
024.nii.gz 318 271 299 1
024.nii.gz 316 327 179 1
024.nii.gz 305 288 332 1
024.nii.gz 171 220 308 1
024.nii.gz 309 330 326 1
024.nii.gz 327 301 199 1
024.nii.gz 331 292 340 1
024.nii.gz 340 236 274 1
016.nii.gz 132 311 124 1
016.nii.gz 181 289 172 1
016.nii.gz 189 270 212 1
016.nii.gz 180 324 134 1
016.nii.gz 184 336 99 1
016.nii.gz 192 259 301 1
016.nii.gz 194 328 68 1
016.nii.gz 371 247 167 1
007.nii.gz 141 196 207 1
007.nii.gz 190 231 231 1
007.nii.gz 188 208 291 1
007.nii.gz 206 243 338 1
007.nii.gz 180 255 192 1
007.nii.gz 189 307 210 1
007.nii.gz 192 298 211 1
007.nii.gz 193 289 209 1
007.nii.gz 196 280 206 1
007.nii.gz 198 231 370 1
007.nii.gz 196 250 110 1
007.nii.gz 197 248 112 1
007.nii.gz 197 248 115 1
007.nii.gz 198 247 118 1
007.nii.gz 203 252 152 1
007.nii.gz 203 300 235 1
007.nii.gz 209 253 133 1
007.nii.gz 326 262 279 1
007.nii.gz 329 241 280 1
007.nii.gz 344 237 223 1
007.nii.gz 344 254 180 1
007.nii.gz 337 264 326 1
007.nii.gz 334 159 284 1
007.nii.gz 336 168 286 1
007.nii.gz 339 177 288 1
007.nii.gz 340 186 289 1
007.nii.gz 341 195 289 1
007.nii.gz 362 264 138 1
e0190.nii.gz 141 233 417 1
e0190.nii.gz 162 234 403 1
e0190.nii.gz 162 192 308 1
e0190.nii.gz 189 184 329 1
e0190.nii.gz 206 248 356 1
e0190.nii.gz 189 263 291 1
e0190.nii.gz 199 265 284 1
e0190.nii.gz 168 107 278 1
e0190.nii.gz 179 141 315 1
e0190.nii.gz 179 145 315 1
e0190.nii.gz 181 156 387 1
e0190.nii.gz 194 168 393 1
e0190.nii.gz 204 197 405 1
e0190.nii.gz 204 193 410 1
e0190.nii.gz 214 210 419 1
e0190.nii.gz 189 254 436 1
e0190.nii.gz 267 210 401 1
e0190.nii.gz 343 249 358 1
e0190.nii.gz 352 216 368 1
e0190.nii.gz 201 252 452 1
e0190.nii.gz 207 224 486 1
e0190.nii.gz 233 211 377 1
e0190.nii.gz 323 275 369 1
e0190.nii.gz 333 238 432 1
e0190.nii.gz 334 237 434 1
e0190.nii.gz 334 237 436 1
e0190.nii.gz 334 237 438 1
e0190.nii.gz 334 238 430 1
e0190.nii.gz 334 238 428 1
e0190.nii.gz 340 286 262 1
e0190.nii.gz 340 287 265 1
e0190.nii.gz 340 290 262 1
e0190.nii.gz 340 293 261 1
e0190.nii.gz 395 223 300 1
e0774.nii.gz 162 252 299 1
e0774.nii.gz 201 301 245 1
e0774.nii.gz 207 282 378 1
e0774.nii.gz 208 315 216 1
e0774.nii.gz 210 314 219 1
e0774.nii.gz 210 313 222 1
e0774.nii.gz 210 312 225 1
e0774.nii.gz 210 312 228 1
e0774.nii.gz 328 313 315 1
e0774.nii.gz 333 311 293 1
e0774.nii.gz 344 290 355 1
e0774.nii.gz 345 234 302 1
e0774.nii.gz 358 303 357 1
032.nii.gz 159 256 125 1
032.nii.gz 192 258 129 1
032.nii.gz 205 276 152 1
032.nii.gz 191 283 118 1
032.nii.gz 197 310 104 1
032.nii.gz 184 315 81 1
032.nii.gz 187 312 82 1
032.nii.gz 189 309 83 1
032.nii.gz 192 306 84 1
032.nii.gz 186 207 105 1
032.nii.gz 188 214 107 1
032.nii.gz 190 221 108 1
032.nii.gz 191 228 110 1
032.nii.gz 193 235 110 1
032.nii.gz 200 250 112 1
032.nii.gz 201 293 168 1
032.nii.gz 203 294 168 1
032.nii.gz 204 296 169 1
032.nii.gz 204 298 170 1
032.nii.gz 203 300 171 1
032.nii.gz 202 302 172 1
032.nii.gz 284 284 223 1
032.nii.gz 296 333 106 1
032.nii.gz 314 316 140 1
032.nii.gz 315 305 172 1
032.nii.gz 313 317 133 1
032.nii.gz 315 322 123 1
032.nii.gz 298 356 129 1
032.nii.gz 299 353 130 1
032.nii.gz 300 350 131 1
032.nii.gz 301 347 133 1
032.nii.gz 302 337 148 1
032.nii.gz 305 338 150 1
032.nii.gz 307 341 150 1
032.nii.gz 308 344 150 1
032.nii.gz 308 347 149 1
032.nii.gz 305 325 157 1
032.nii.gz 323 340 91 1
032.nii.gz 328 328 165 1
032.nii.gz 329 330 166 1
032.nii.gz 331 332 166 1
032.nii.gz 333 332 166 1
032.nii.gz 335 332 166 1
032.nii.gz 337 331 165 1
032.nii.gz 333 279 118 1
005.nii.gz 133 344 105 1
005.nii.gz 150 305 106 1
005.nii.gz 161 318 107 1
005.nii.gz 161 332 99 1
005.nii.gz 138 346 77 1
005.nii.gz 142 345 77 1
005.nii.gz 146 343 77 1
005.nii.gz 150 341 77 1
005.nii.gz 154 339 78 1
005.nii.gz 151 280 145 1
005.nii.gz 162 265 141 1
005.nii.gz 166 240 136 1
005.nii.gz 177 302 151 1
005.nii.gz 172 326 152 1
005.nii.gz 153 370 110 1
005.nii.gz 153 372 110 1
005.nii.gz 154 369 109 1
005.nii.gz 154 367 109 1
005.nii.gz 154 365 109 1
005.nii.gz 154 363 109 1
005.nii.gz 157 361 65 1
005.nii.gz 174 337 154 1
005.nii.gz 176 340 79 1
005.nii.gz 181 300 136 1
005.nii.gz 336 346 118 1
005.nii.gz 338 347 121 1
005.nii.gz 338 345 124 1
005.nii.gz 339 342 126 1
005.nii.gz 338 339 126 1
005.nii.gz 337 316 152 1
005.nii.gz 346 318 158 1
005.nii.gz 353 310 156 1
005.nii.gz 361 310 161 1
005.nii.gz 344 337 102 1
005.nii.gz 347 334 100 1
005.nii.gz 346 331 99 1
005.nii.gz 349 333 100 1
005.nii.gz 345 371 80 1
005.nii.gz 349 275 135 1
005.nii.gz 351 286 133 1
005.nii.gz 358 279 129 1
005.nii.gz 350 271 136 1
005.nii.gz 352 260 136 1
005.nii.gz 350 362 91 1
005.nii.gz 372 260 125 1
005.nii.gz 384 375 39 1
003.nii.gz 163 319 219 1
003.nii.gz 166 319 218 1
003.nii.gz 169 318 215 1
003.nii.gz 169 319 212 1
003.nii.gz 170 319 209 1
003.nii.gz 167 272 366 1
003.nii.gz 172 321 199 1
003.nii.gz 291 323 242 1
003.nii.gz 297 323 226 1
003.nii.gz 298 324 224 1
003.nii.gz 297 324 222 1
003.nii.gz 299 324 220 1
003.nii.gz 299 325 218 1
003.nii.gz 329 286 241 1
003.nii.gz 329 287 249 1
003.nii.gz 329 287 257 1
003.nii.gz 336 288 259 1
003.nii.gz 330 211 381 1
003.nii.gz 331 213 378 1
003.nii.gz 333 215 373 1
003.nii.gz 334 217 368 1
003.nii.gz 338 283 64 1
003.nii.gz 338 287 439 1
e0516.nii.gz 157 268 124 1
e0516.nii.gz 159 268 124 1
e0516.nii.gz 161 268 124 1
e0516.nii.gz 163 268 124 1
e0516.nii.gz 165 268 124 1
e0516.nii.gz 170 271 130 1
e0516.nii.gz 171 330 123 1
e0516.nii.gz 177 328 126 1
e0516.nii.gz 182 324 130 1
e0516.nii.gz 183 318 131 1
e0516.nii.gz 179 264 177 1
e0516.nii.gz 184 268 174 1
e0516.nii.gz 189 272 170 1
e0516.nii.gz 191 277 171 1
e0516.nii.gz 190 281 175 1
e0516.nii.gz 180 250 147 1
e0516.nii.gz 308 211 185 1
e0516.nii.gz 321 279 182 1
e0516.nii.gz 364 292 128 1
e0516.nii.gz 366 291 128 1
e0516.nii.gz 368 291 128 1
e0516.nii.gz 370 291 128 1
e0516.nii.gz 372 290 128 1
e0237.nii.gz 131 314 252 1
e0237.nii.gz 134 321 185 1
e0237.nii.gz 135 324 185 1
e0237.nii.gz 138 326 186 1
e0237.nii.gz 140 329 188 1
e0237.nii.gz 199 397 325 1
e0237.nii.gz 202 395 320 1
e0237.nii.gz 212 386 311 1
e0237.nii.gz 217 381 299 1
e0237.nii.gz 217 382 287 1
e0237.nii.gz 201 455 116 1
e0237.nii.gz 214 416 319 1
e0237.nii.gz 219 411 314 1
e0237.nii.gz 221 410 308 1
e0237.nii.gz 225 415 305 1
e0237.nii.gz 226 421 306 1
e0237.nii.gz 246 424 213 1
e0237.nii.gz 246 427 212 1
e0237.nii.gz 247 430 211 1
e0237.nii.gz 248 433 210 1
e0237.nii.gz 248 436 210 1
e0237.nii.gz 335 291 77 1
e0237.nii.gz 347 277 245 1
e0237.nii.gz 348 279 245 1
e0237.nii.gz 351 283 241 1
e0237.nii.gz 355 288 243 1
e0237.nii.gz 358 294 242 1
e0237.nii.gz 465 505 194 1
e0237.nii.gz 464 506 33 1
e0237.nii.gz 464 506 41 1
e0237.nii.gz 464 506 49 1
e0237.nii.gz 464 506 57 1
e0237.nii.gz 465 505 139 1
e0328.nii.gz 113 232 88 1
e0328.nii.gz 129 243 77 1
e0328.nii.gz 132 243 79 1
e0328.nii.gz 135 244 81 1
e0328.nii.gz 138 244 82 1
e0328.nii.gz 141 245 84 1
e0328.nii.gz 161 270 61 1
e0328.nii.gz 162 274 55 1
e0328.nii.gz 166 279 51 1
e0328.nii.gz 166 270 67 1
e0328.nii.gz 169 267 73 1
e0328.nii.gz 165 222 116 1
e0328.nii.gz 174 223 119 1
e0328.nii.gz 177 231 118 1
e0328.nii.gz 180 239 113 1
e0328.nii.gz 185 247 105 1
e0328.nii.gz 172 226 169 1
e0328.nii.gz 341 242 95 1
e0328.nii.gz 395 227 88 1
e0755.nii.gz 183 349 245 1
e0755.nii.gz 185 349 248 1
e0755.nii.gz 185 347 251 1
e0755.nii.gz 186 346 254 1
e0755.nii.gz 322 297 362 1
e0109.nii.gz 138 271 47 1
e0109.nii.gz 146 275 49 1
e0109.nii.gz 161 281 52 1
e0109.nii.gz 175 284 53 1
e0109.nii.gz 176 299 51 1
e0109.nii.gz 189 309 47 1
e0109.nii.gz 165 258 64 1
e0109.nii.gz 170 258 64 1
e0109.nii.gz 175 261 64 1
e0109.nii.gz 174 266 65 1
e0109.nii.gz 172 271 65 1
e0109.nii.gz 172 229 54 1
e0109.nii.gz 173 306 60 1
e0109.nii.gz 178 199 47 1
e0109.nii.gz 190 190 67 1
e0109.nii.gz 192 196 66 1
e0109.nii.gz 193 202 65 1
e0109.nii.gz 193 208 65 1
e0109.nii.gz 195 196 64 1
e0109.nii.gz 194 251 77 1
e0109.nii.gz 195 194 49 1
e0109.nii.gz 197 246 67 1
e0109.nii.gz 201 252 66 1
e0109.nii.gz 219 258 61 1
e0109.nii.gz 319 267 69 1
e0109.nii.gz 335 290 64 1
e0109.nii.gz 346 340 48 1
e0109.nii.gz 333 252 70 1
e0109.nii.gz 335 186 71 1
e0109.nii.gz 336 194 71 1
e0109.nii.gz 336 202 71 1
e0109.nii.gz 336 210 71 1
e0109.nii.gz 338 182 70 1
e0109.nii.gz 336 248 78 1
e0109.nii.gz 338 307 49 1
e0450.nii.gz 133 305 39 1
e0450.nii.gz 145 403 17 1
e0450.nii.gz 146 289 56 1
e0450.nii.gz 160 343 37 1
e0450.nii.gz 173 323 43 1
e0450.nii.gz 177 298 44 1
e0450.nii.gz 173 365 30 1
e0450.nii.gz 163 390 22 1
e0450.nii.gz 175 357 48 1
e0450.nii.gz 202 274 60 1
e0450.nii.gz 202 277 60 1
e0450.nii.gz 203 280 60 1
e0450.nii.gz 205 283 61 1
e0450.nii.gz 249 272 59 1
e0450.nii.gz 294 279 59 1
e0450.nii.gz 316 287 59 1
e0450.nii.gz 335 322 47 1
e0450.nii.gz 353 318 41 1
e0450.nii.gz 326 249 63 1
e0450.nii.gz 326 255 62 1
e0450.nii.gz 329 259 65 1
e0450.nii.gz 333 265 68 1
e0450.nii.gz 335 264 68 1
e0450.nii.gz 335 314 38 1
e0450.nii.gz 338 317 37 1
e0450.nii.gz 341 317 37 1
e0450.nii.gz 344 317 36 1
e0450.nii.gz 347 316 36 1
e0450.nii.gz 351 259 58 1
e0450.nii.gz 353 252 58 1
e0450.nii.gz 356 244 58 1
e0450.nii.gz 355 236 58 1
e0560.nii.gz 125 245 217 1
e0560.nii.gz 137 275 259 1
e0560.nii.gz 189 263 282 1
e0560.nii.gz 198 283 308 1
e0560.nii.gz 198 307 242 1
e0560.nii.gz 195 336 184 1
e0560.nii.gz 138 223 199 1
e0560.nii.gz 141 227 200 1
e0560.nii.gz 142 231 203 1
e0560.nii.gz 143 233 207 1
e0560.nii.gz 160 223 366 1
e0560.nii.gz 198 213 358 1
e0560.nii.gz 200 227 355 1
e0560.nii.gz 208 236 356 1
e0560.nii.gz 193 343 176 1
e0560.nii.gz 309 277 415 1
e0560.nii.gz 314 286 365 1
e0560.nii.gz 318 288 357 1
e0560.nii.gz 318 287 348 1
e0560.nii.gz 317 289 339 1
e0560.nii.gz 325 296 334 1
e0560.nii.gz 326 217 375 1
e0560.nii.gz 328 215 374 1
e0560.nii.gz 328 213 373 1
e0560.nii.gz 328 211 373 1
e0560.nii.gz 328 209 372 1
e0560.nii.gz 342 304 283 1
e0560.nii.gz 352 275 337 1
e0560.nii.gz 358 275 335 1
e0560.nii.gz 364 275 334 1
e0560.nii.gz 370 275 334 1
e0560.nii.gz 376 274 335 1
e0156.nii.gz 119 268 364 1
e0156.nii.gz 135 269 371 1
e0156.nii.gz 144 263 367 1
e0156.nii.gz 136 254 353 1
e0156.nii.gz 163 272 376 1
e0156.nii.gz 146 314 532 1
e0156.nii.gz 149 315 534 1
e0156.nii.gz 151 315 537 1
e0156.nii.gz 152 316 540 1
e0156.nii.gz 157 307 328 1
e0156.nii.gz 159 384 441 1
e0156.nii.gz 161 208 353 1
e0156.nii.gz 169 318 529 1
e0156.nii.gz 169 319 532 1
e0156.nii.gz 171 320 535 1
e0156.nii.gz 171 323 538 1
e0156.nii.gz 171 326 540 1
e0156.nii.gz 172 273 388 1
e0156.nii.gz 191 303 411 1
e0156.nii.gz 183 318 380 1
e0156.nii.gz 191 312 410 1
e0156.nii.gz 210 291 420 1
e0156.nii.gz 177 318 549 1
e0156.nii.gz 178 318 554 1
e0156.nii.gz 179 319 557 1
e0156.nii.gz 181 318 562 1
e0156.nii.gz 181 318 567 1
e0156.nii.gz 188 345 304 1
e0156.nii.gz 189 347 298 1
e0156.nii.gz 190 349 292 1
e0156.nii.gz 189 350 286 1
e0156.nii.gz 193 316 440 1
e0156.nii.gz 203 317 505 1
e0156.nii.gz 319 290 445 1
e0156.nii.gz 344 229 448 1
e0156.nii.gz 370 222 409 1
e0156.nii.gz 344 301 378 1
e0156.nii.gz 333 307 578 1
e0156.nii.gz 343 305 576 1
e0156.nii.gz 349 294 566 1
e0156.nii.gz 350 286 554 1
e0156.nii.gz 359 294 562 1
e0156.nii.gz 337 375 437 1
e0156.nii.gz 338 336 380 1
e0156.nii.gz 342 343 256 1
e0156.nii.gz 360 319 348 1
e0156.nii.gz 362 322 351 1
e0156.nii.gz 363 324 353 1
e0156.nii.gz 363 327 354 1
e0156.nii.gz 362 281 386 1
e0156.nii.gz 374 378 452 1
e0156.nii.gz 376 364 417 1
e0156.nii.gz 396 335 257 1
e0156.nii.gz 402 338 255 1
011.nii.gz 127 326 237 1
011.nii.gz 128 293 279 1
011.nii.gz 132 213 263 1
011.nii.gz 137 220 272 1
011.nii.gz 140 227 280 1
011.nii.gz 147 233 289 1
011.nii.gz 155 240 295 1
011.nii.gz 135 282 386 1
011.nii.gz 138 336 251 1
011.nii.gz 145 236 401 1
011.nii.gz 147 354 279 1
011.nii.gz 147 241 426 1
011.nii.gz 158 181 290 1
011.nii.gz 162 186 288 1
011.nii.gz 163 191 291 1
011.nii.gz 163 196 295 1
011.nii.gz 164 201 300 1
011.nii.gz 163 347 227 1
011.nii.gz 165 332 345 1
011.nii.gz 168 320 245 1
011.nii.gz 169 320 246 1
011.nii.gz 171 318 248 1
011.nii.gz 173 316 250 1
011.nii.gz 175 315 251 1
011.nii.gz 177 313 253 1
011.nii.gz 175 274 417 1
011.nii.gz 177 270 403 1
011.nii.gz 176 281 430 1
011.nii.gz 177 284 444 1
011.nii.gz 175 289 471 1
011.nii.gz 188 232 401 1
011.nii.gz 189 225 400 1
011.nii.gz 190 218 400 1
011.nii.gz 192 211 401 1
011.nii.gz 191 205 408 1
011.nii.gz 194 313 296 1
011.nii.gz 200 205 382 1
011.nii.gz 331 333 217 1
011.nii.gz 332 333 225 1
011.nii.gz 333 331 233 1
011.nii.gz 331 335 212 1
011.nii.gz 332 337 204 1
011.nii.gz 353 338 272 1
011.nii.gz 358 316 258 1
011.nii.gz 358 320 190 1
011.nii.gz 377 254 340 1
011.nii.gz 378 260 298 1
011.nii.gz 380 251 419 1
011.nii.gz 382 316 268 1
011.nii.gz 381 344 178 1
e0573.nii.gz 165 307 177 1
e0573.nii.gz 168 306 177 1
e0573.nii.gz 171 305 175 1
e0573.nii.gz 172 307 172 1
e0573.nii.gz 172 309 169 1
e0573.nii.gz 191 255 181 1
e0573.nii.gz 208 285 146 1
e0573.nii.gz 227 278 175 1
e0573.nii.gz 322 278 170 1
e0573.nii.gz 333 318 143 1
e0573.nii.gz 194 369 34 1
e0573.nii.gz 195 370 32 1
e0573.nii.gz 196 370 30 1
e0573.nii.gz 197 371 28 1
e0573.nii.gz 198 372 26 1
e0573.nii.gz 213 347 106 1
e0573.nii.gz 322 383 61 1
e0573.nii.gz 342 227 181 1
e0280.nii.gz 121 287 157 1
e0280.nii.gz 129 289 165 1
e0280.nii.gz 137 290 173 1
e0280.nii.gz 145 291 182 1
e0280.nii.gz 131 332 112 1
e0280.nii.gz 172 325 150 1
e0280.nii.gz 173 324 160 1
e0280.nii.gz 174 323 170 1
e0280.nii.gz 176 322 180 1
e0280.nii.gz 178 312 187 1
e0280.nii.gz 185 267 165 1
e0280.nii.gz 198 219 258 1
e0280.nii.gz 200 222 261 1
e0280.nii.gz 201 225 262 1
e0280.nii.gz 202 228 262 1
e0280.nii.gz 201 231 262 1
e0280.nii.gz 216 252 278 1
e0280.nii.gz 247 262 350 1
e0280.nii.gz 247 270 352 1
e0280.nii.gz 250 278 354 1
e0280.nii.gz 251 286 353 1
e0280.nii.gz 254 294 350 1
e0280.nii.gz 335 314 221 1
e0280.nii.gz 338 306 242 1
e0280.nii.gz 335 315 214 1
e0280.nii.gz 345 302 196 1
e0280.nii.gz 354 294 176 1
e0280.nii.gz 347 284 159 1
021.nii.gz 75 302 149 1
021.nii.gz 82 304 153 1
021.nii.gz 89 304 158 1
021.nii.gz 96 305 161 1
021.nii.gz 100 300 162 1
021.nii.gz 110 342 137 1
021.nii.gz 118 266 217 1
021.nii.gz 179 276 287 1
021.nii.gz 336 324 242 1
021.nii.gz 355 325 204 1
021.nii.gz 180 349 180 1
021.nii.gz 161 226 276 1
021.nii.gz 165 355 324 1
021.nii.gz 341 352 152 1
021.nii.gz 342 352 158 1
021.nii.gz 343 352 164 1
021.nii.gz 342 352 151 1
021.nii.gz 343 353 145 1
021.nii.gz 377 340 158 1
021.nii.gz 382 343 155 1
021.nii.gz 385 343 150 1
021.nii.gz 389 345 145 1
021.nii.gz 392 345 140 1
e0146.nii.gz 158 243 240 1
e0146.nii.gz 158 243 243 1
e0146.nii.gz 159 244 246 1
e0146.nii.gz 159 244 249 1
e0146.nii.gz 161 246 252 1
e0146.nii.gz 183 285 340 1
e0146.nii.gz 321 338 256 1
030.nii.gz 356 149 251 1
025.nii.gz 128 247 274 1
025.nii.gz 201 253 352 1
025.nii.gz 215 241 376 1
025.nii.gz 198 285 424 1
025.nii.gz 191 290 306 1
025.nii.gz 149 319 235 1
025.nii.gz 164 198 347 1
025.nii.gz 167 201 348 1
025.nii.gz 170 204 351 1
025.nii.gz 173 206 352 1
025.nii.gz 175 209 354 1
025.nii.gz 191 314 186 1
025.nii.gz 193 243 469 1
025.nii.gz 196 246 465 1
025.nii.gz 198 248 461 1
025.nii.gz 199 250 457 1
025.nii.gz 321 295 402 1
025.nii.gz 325 293 380 1
025.nii.gz 331 329 299 1
025.nii.gz 357 279 339 1
025.nii.gz 352 320 433 1
025.nii.gz 380 257 327 1
025.nii.gz 387 252 321 1
039.nii.gz 137 309 194 1
039.nii.gz 138 309 196 1
039.nii.gz 139 308 201 1
039.nii.gz 140 306 206 1
039.nii.gz 142 305 211 1
039.nii.gz 140 254 242 1
039.nii.gz 140 255 244 1
039.nii.gz 142 257 246 1
039.nii.gz 142 258 248 1
039.nii.gz 143 259 250 1
039.nii.gz 144 251 327 1
039.nii.gz 146 256 330 1
039.nii.gz 149 261 329 1
039.nii.gz 152 266 329 1
039.nii.gz 151 271 327 1
039.nii.gz 152 323 258 1
039.nii.gz 181 309 281 1
039.nii.gz 178 319 255 1
039.nii.gz 188 331 210 1
039.nii.gz 172 355 248 1
039.nii.gz 154 209 301 1
039.nii.gz 155 214 304 1
039.nii.gz 157 219 307 1
039.nii.gz 158 224 309 1
039.nii.gz 159 232 384 1
039.nii.gz 160 234 380 1
039.nii.gz 160 236 376 1
039.nii.gz 160 238 372 1
039.nii.gz 160 232 388 1
039.nii.gz 182 362 314 1
039.nii.gz 185 360 314 1
039.nii.gz 188 357 316 1
039.nii.gz 189 354 317 1
039.nii.gz 191 351 318 1
039.nii.gz 194 264 305 1
039.nii.gz 194 281 247 1
039.nii.gz 196 280 241 1
039.nii.gz 197 279 234 1
039.nii.gz 198 278 227 1
039.nii.gz 202 275 220 1
039.nii.gz 334 350 308 1
039.nii.gz 335 351 308 1
039.nii.gz 336 354 306 1
039.nii.gz 336 357 303 1
039.nii.gz 337 360 300 1
039.nii.gz 338 297 445 1
039.nii.gz 338 282 234 1
039.nii.gz 338 338 183 1
039.nii.gz 338 332 389 1
039.nii.gz 338 335 397 1
039.nii.gz 340 332 382 1
039.nii.gz 345 340 382 1
039.nii.gz 352 347 384 1
039.nii.gz 340 211 373 1
039.nii.gz 346 228 362 1
039.nii.gz 343 246 361 1
039.nii.gz 351 257 357 1
039.nii.gz 369 256 356 1
039.nii.gz 341 228 334 1
039.nii.gz 346 267 305 1
039.nii.gz 350 261 300 1
039.nii.gz 353 258 293 1
039.nii.gz 357 255 286 1
039.nii.gz 360 253 279 1
039.nii.gz 348 347 155 1
039.nii.gz 351 347 154 1
039.nii.gz 354 348 153 1
039.nii.gz 357 349 151 1
039.nii.gz 360 349 148 1
039.nii.gz 355 282 400 1
039.nii.gz 356 281 404 1
039.nii.gz 355 286 397 1
039.nii.gz 359 289 398 1
039.nii.gz 367 307 212 1
039.nii.gz 369 307 206 1
039.nii.gz 372 307 200 1
039.nii.gz 374 308 194 1
039.nii.gz 375 219 267 1
039.nii.gz 377 280 249 1
039.nii.gz 392 265 217 1
039.nii.gz 395 284 238 1
039.nii.gz 393 209 229 1
e0445.nii.gz 113 264 20 1
e0445.nii.gz 142 222 28 1
e0445.nii.gz 154 237 31 1
e0445.nii.gz 157 253 32 1
e0445.nii.gz 165 269 38 1
e0445.nii.gz 179 279 42 1
e0445.nii.gz 153 299 40 1
e0445.nii.gz 155 296 23 1
e0445.nii.gz 160 295 25 1
e0445.nii.gz 162 294 25 1
e0445.nii.gz 167 296 22 1
e0445.nii.gz 172 296 21 1
e0445.nii.gz 160 220 39 1
e0445.nii.gz 162 240 52 1
e0445.nii.gz 170 309 31 1
e0445.nii.gz 182 242 51 1
e0445.nii.gz 184 231 51 1
e0445.nii.gz 183 220 52 1
e0445.nii.gz 187 209 52 1
e0445.nii.gz 187 286 65 1
e0445.nii.gz 191 279 61 1
e0445.nii.gz 195 272 59 1
e0445.nii.gz 196 265 58 1
e0445.nii.gz 189 292 42 1
e0445.nii.gz 309 331 46 1
e0445.nii.gz 311 329 46 1
e0445.nii.gz 314 326 46 1
e0445.nii.gz 317 326 46 1
e0445.nii.gz 320 324 47 1
e0445.nii.gz 333 301 67 1
e0445.nii.gz 334 237 60 1
e0445.nii.gz 335 307 41 1
e0445.nii.gz 336 313 40 1
e0445.nii.gz 341 303 42 1
e0445.nii.gz 347 303 39 1
e0445.nii.gz 350 297 37 1
e0445.nii.gz 341 324 38 1
e0445.nii.gz 344 329 39 1
e0445.nii.gz 342 322 38 1
e0445.nii.gz 347 322 36 1
e0445.nii.gz 352 322 36 1
e0445.nii.gz 351 305 57 1
e0445.nii.gz 372 255 43 1
034.nii.gz 166 346 534 1
034.nii.gz 173 338 234 1
034.nii.gz 170 338 416 1
034.nii.gz 326 337 481 1
034.nii.gz 390 236 67 1
026.nii.gz 87 232 321 1
026.nii.gz 134 223 257 1
026.nii.gz 135 226 261 1
026.nii.gz 137 230 264 1
026.nii.gz 139 233 268 1
026.nii.gz 139 236 272 1
026.nii.gz 135 256 344 1
026.nii.gz 151 278 302 1
026.nii.gz 156 287 298 1
026.nii.gz 157 308 299 1
026.nii.gz 161 317 279 1
026.nii.gz 162 322 258 1
026.nii.gz 160 323 326 1
026.nii.gz 161 336 317 1
026.nii.gz 164 325 399 1
026.nii.gz 167 321 398 1
026.nii.gz 169 317 397 1
026.nii.gz 173 313 396 1
026.nii.gz 175 309 394 1
026.nii.gz 174 276 429 1
026.nii.gz 180 276 425 1
026.nii.gz 182 273 418 1
026.nii.gz 182 271 411 1
026.nii.gz 187 263 296 1
026.nii.gz 191 263 296 1
026.nii.gz 195 261 298 1
026.nii.gz 198 258 297 1
026.nii.gz 202 255 297 1
026.nii.gz 189 263 353 1
026.nii.gz 312 254 405 1
026.nii.gz 346 248 364 1
026.nii.gz 407 321 93 1
026.nii.gz 408 297 129 1
026.nii.gz 410 309 111 1
026.nii.gz 411 308 110 1
026.nii.gz 413 308 111 1
026.nii.gz 420 311 110 1
026.nii.gz 425 313 115 1
e0608.nii.gz 149 238 281 1
e0608.nii.gz 158 239 279 1
e0608.nii.gz 162 248 275 1
e0608.nii.gz 166 257 273 1
e0608.nii.gz 172 264 271 1
e0608.nii.gz 185 250 231 1
022.nii.gz 90 353 119 1
022.nii.gz 93 352 121 1
022.nii.gz 96 349 124 1
022.nii.gz 95 352 124 1
022.nii.gz 97 354 125 1
022.nii.gz 140 328 137 1
022.nii.gz 161 347 224 1
022.nii.gz 166 311 217 1
022.nii.gz 315 364 291 1
022.nii.gz 316 366 297 1
022.nii.gz 317 369 303 1
022.nii.gz 319 371 309 1
022.nii.gz 320 374 315 1
022.nii.gz 372 262 245 1
022.nii.gz 379 349 129 1
036.nii.gz 177 293 222 1
036.nii.gz 180 292 224 1
036.nii.gz 184 293 227 1
036.nii.gz 188 294 231 1
036.nii.gz 183 330 197 1
036.nii.gz 185 327 201 1
036.nii.gz 184 330 195 1
036.nii.gz 183 333 191 1
036.nii.gz 185 315 339 1
036.nii.gz 188 314 340 1
036.nii.gz 191 313 340 1
036.nii.gz 193 310 342 1
036.nii.gz 194 307 344 1
036.nii.gz 188 279 313 1
036.nii.gz 199 254 254 1
036.nii.gz 202 255 258 1
036.nii.gz 203 256 262 1
036.nii.gz 204 260 266 1
036.nii.gz 207 264 270 1
036.nii.gz 201 252 314 1
036.nii.gz 200 347 236 1
036.nii.gz 203 344 234 1
036.nii.gz 206 342 235 1
036.nii.gz 208 339 237 1
036.nii.gz 206 287 324 1
036.nii.gz 207 276 318 1
036.nii.gz 209 257 288 1
036.nii.gz 210 260 294 1
036.nii.gz 212 259 300 1
036.nii.gz 211 255 303 1
036.nii.gz 210 249 302 1
036.nii.gz 215 330 204 1
036.nii.gz 217 329 206 1
036.nii.gz 222 327 209 1
036.nii.gz 223 326 214 1
036.nii.gz 224 324 219 1
036.nii.gz 220 279 239 1
036.nii.gz 221 279 241 1
036.nii.gz 222 279 243 1
036.nii.gz 223 278 245 1
036.nii.gz 225 277 246 1
010.nii.gz 176 299 283 1
010.nii.gz 339 274 289 1
010.nii.gz 340 277 286 1
010.nii.gz 341 278 283 1
010.nii.gz 340 278 280 1
010.nii.gz 340 273 290 1
e0528.nii.gz 138 241 253 1
e0528.nii.gz 153 264 318 1
e0528.nii.gz 151 273 321 1
e0528.nii.gz 153 271 321 1
e0528.nii.gz 155 269 320 1
e0528.nii.gz 157 270 319 1
e0528.nii.gz 158 269 317 1
e0528.nii.gz 157 267 316 1
e0528.nii.gz 366 302 341 1
e0528.nii.gz 368 312 398 1
e0528.nii.gz 377 356 197 1
e0528.nii.gz 388 306 182 1
e0528.nii.gz 391 307 180 1
e0528.nii.gz 392 307 177 1
e0528.nii.gz 388 307 184 1
e0528.nii.gz 388 308 187 1
e0528.nii.gz 391 360 162 1
e0528.nii.gz 401 283 362 1
e0528.nii.gz 406 355 144 1
019.nii.gz 126 274 200 1
019.nii.gz 178 300 221 1
019.nii.gz 158 318 231 1
019.nii.gz 194 331 228 1
019.nii.gz 181 386 223 1
019.nii.gz 136 228 191 1
019.nii.gz 161 242 197 1
019.nii.gz 167 227 203 1
019.nii.gz 163 202 190 1
019.nii.gz 174 245 192 1
019.nii.gz 180 197 242 1
019.nii.gz 327 344 229 1
019.nii.gz 336 307 236 1
019.nii.gz 343 301 204 1
019.nii.gz 340 314 237 1
019.nii.gz 378 193 234 1
e0189.nii.gz 144 322 229 1
e0189.nii.gz 144 324 228 1
e0189.nii.gz 144 326 227 1
e0189.nii.gz 144 328 226 1
e0189.nii.gz 144 330 225 1
e0189.nii.gz 153 248 315 1
e0189.nii.gz 194 290 325 1
e0189.nii.gz 177 281 276 1
e0189.nii.gz 169 300 214 1
e0189.nii.gz 185 281 311 1
e0189.nii.gz 161 164 285 1
e0189.nii.gz 163 173 292 1
e0189.nii.gz 165 183 297 1
e0189.nii.gz 169 192 302 1
e0189.nii.gz 163 158 282 1
e0189.nii.gz 167 224 284 1
e0189.nii.gz 172 227 289 1
e0189.nii.gz 175 228 294 1
e0189.nii.gz 177 228 299 1
e0189.nii.gz 178 223 302 1
e0189.nii.gz 184 218 369 1
e0189.nii.gz 185 209 386 1
e0189.nii.gz 194 252 385 1
e0189.nii.gz 208 249 395 1
e0189.nii.gz 203 265 422 1
e0189.nii.gz 195 277 374 1
e0189.nii.gz 322 304 310 1
e0189.nii.gz 325 324 205 1
e0189.nii.gz 341 289 280 1
e0189.nii.gz 373 281 267 1
e0189.nii.gz 350 289 252 1
e0189.nii.gz 372 312 232 1
e0189.nii.gz 328 295 343 1
e0189.nii.gz 331 295 356 1
e0189.nii.gz 335 308 354 1
e0189.nii.gz 336 292 354 1
e0189.nii.gz 328 300 331 1
e0189.nii.gz 329 267 394 1
e0189.nii.gz 347 247 387 1
e0189.nii.gz 357 244 384 1
e0189.nii.gz 336 278 410 1
e0189.nii.gz 348 276 419 1
e0189.nii.gz 376 216 372 1
e0189.nii.gz 387 283 367 1
e0189.nii.gz 395 232 294 1
028.nii.gz 172 240 246 1
028.nii.gz 183 265 239 1
028.nii.gz 191 264 276 1
e0751.nii.gz 152 278 416 1
e0751.nii.gz 156 278 417 1
e0751.nii.gz 159 278 414 1
e0751.nii.gz 163 276 412 1
e0751.nii.gz 156 235 374 1
e0751.nii.gz 185 236 369 1
e0751.nii.gz 182 218 352 1
e0751.nii.gz 183 193 339 1
e0751.nii.gz 162 246 324 1
e0751.nii.gz 191 241 292 1
e0751.nii.gz 210 268 361 1
e0751.nii.gz 216 278 344 1
e0751.nii.gz 216 282 306 1
e0751.nii.gz 165 295 370 1
e0751.nii.gz 346 176 367 1
e0751.nii.gz 356 184 362 1
e0751.nii.gz 358 170 346 1
e0751.nii.gz 349 203 372 1
e0751.nii.gz 369 183 377 1
e0751.nii.gz 346 245 392 1
e0751.nii.gz 373 232 334 1
e0751.nii.gz 421 239 281 1
e0751.nii.gz 399 215 317 1
e0751.nii.gz 374 226 400 1
e0751.nii.gz 354 267 372 1
e0773.nii.gz 177 306 421 1
e0773.nii.gz 180 305 421 1
e0773.nii.gz 183 304 421 1
e0773.nii.gz 186 303 422 1
e0773.nii.gz 196 314 382 1
e0773.nii.gz 198 318 384 1
e0773.nii.gz 200 322 388 1
e0773.nii.gz 200 325 391 1
e0773.nii.gz 201 327 395 1
e0773.nii.gz 211 334 340 1
e0773.nii.gz 214 342 320 1
e0773.nii.gz 217 346 316 1
e0773.nii.gz 218 350 311 1
e0773.nii.gz 219 353 306 1
e0773.nii.gz 215 342 325 1
e0773.nii.gz 279 240 72 1
e0773.nii.gz 282 241 81 1
e0773.nii.gz 323 256 65 1
e0773.nii.gz 328 341 341 1
e0773.nii.gz 331 269 414 1
e0773.nii.gz 333 238 391 1
e0773.nii.gz 335 233 391 1
e0773.nii.gz 335 228 389 1
e0773.nii.gz 335 223 388 1
e0773.nii.gz 335 218 387 1
e0773.nii.gz 336 316 366 1
e0773.nii.gz 336 364 390 1
e0773.nii.gz 346 286 345 1
e0773.nii.gz 351 288 351 1
e0773.nii.gz 358 289 354 1
e0773.nii.gz 365 293 358 1
e0773.nii.gz 348 285 419 1
e0773.nii.gz 349 286 417 1
e0773.nii.gz 351 284 414 1
e0773.nii.gz 351 285 411 1
e0773.nii.gz 351 287 408 1
e0773.nii.gz 368 287 413 1
e0200.nii.gz 177 288 46 1
e0200.nii.gz 181 285 48 1
e0200.nii.gz 188 277 52 1
e0200.nii.gz 193 271 53 1
e0200.nii.gz 200 266 55 1
e0200.nii.gz 208 264 56 1
e0200.nii.gz 190 303 38 1
e0200.nii.gz 214 254 61 1
e0200.nii.gz 318 258 59 1
e0200.nii.gz 338 245 54 1
e0200.nii.gz 325 274 58 1
e0200.nii.gz 330 295 53 1
e0200.nii.gz 345 288 46 1
e0200.nii.gz 328 297 81 1
e0200.nii.gz 331 291 81 1
014.nii.gz 154 253 300 1
014.nii.gz 194 280 347 1
014.nii.gz 200 298 406 1
014.nii.gz 176 291 288 1
014.nii.gz 191 326 319 1
014.nii.gz 176 290 355 1
014.nii.gz 175 350 185 1
014.nii.gz 177 346 188 1
014.nii.gz 177 343 193 1
014.nii.gz 177 338 196 1
014.nii.gz 177 334 199 1
014.nii.gz 187 323 237 1
014.nii.gz 209 312 311 1
014.nii.gz 326 279 374 1
014.nii.gz 337 306 355 1
014.nii.gz 359 282 278 1
014.nii.gz 336 293 342 1
014.nii.gz 327 337 333 1
014.nii.gz 335 212 368 1
014.nii.gz 336 220 369 1
014.nii.gz 336 228 371 1
014.nii.gz 339 236 371 1
014.nii.gz 336 208 365 1
014.nii.gz 374 280 241 1
014.nii.gz 377 279 241 1
014.nii.gz 380 279 240 1
014.nii.gz 383 279 238 1
014.nii.gz 386 278 238 1
e0592.nii.gz 146 295 71 1
e0592.nii.gz 166 282 63 1
e0592.nii.gz 175 294 67 1
e0592.nii.gz 177 273 62 1
e0592.nii.gz 178 263 61 1
e0592.nii.gz 363 294 62 1
e0169.nii.gz 183 319 172 1
e0169.nii.gz 187 318 172 1
e0169.nii.gz 191 320 170 1
e0169.nii.gz 193 320 166 1
e0678.nii.gz 157 331 288 1
e0678.nii.gz 158 270 193 1
e0678.nii.gz 181 345 194 1
e0678.nii.gz 211 305 266 1
e0678.nii.gz 199 302 315 1
e0678.nii.gz 202 308 242 1
e0678.nii.gz 173 337 387 1
e0678.nii.gz 187 313 358 1
e0678.nii.gz 195 309 346 1
e0678.nii.gz 200 316 357 1
e0678.nii.gz 199 320 369 1
e0678.nii.gz 197 321 381 1
e0678.nii.gz 279 299 310 1
e0678.nii.gz 298 305 320 1
e0678.nii.gz 300 306 322 1
e0678.nii.gz 302 307 324 1
e0678.nii.gz 304 307 325 1
e0678.nii.gz 306 306 327 1
e0678.nii.gz 311 354 261 1
e0678.nii.gz 317 307 348 1
e0678.nii.gz 317 317 293 1
e0678.nii.gz 344 346 275 1
e0678.nii.gz 339 325 224 1
e0678.nii.gz 344 341 197 1
e0678.nii.gz 336 313 261 1
e0678.nii.gz 321 289 332 1
e0678.nii.gz 321 292 333 1
e0678.nii.gz 322 287 332 1
e0678.nii.gz 323 285 329 1
e0678.nii.gz 324 284 326 1
e0678.nii.gz 350 380 120 1
e0678.nii.gz 386 344 122 1
e0678.nii.gz 390 346 120 1
e0678.nii.gz 394 348 117 1
e0678.nii.gz 398 350 114 1
e0678.nii.gz 402 352 111 1
e0300.nii.gz 128 294 267 1
e0300.nii.gz 170 230 300 1
e0300.nii.gz 181 321 318 1
e0300.nii.gz 210 312 307 1
e0300.nii.gz 212 315 304 1
e0300.nii.gz 212 316 301 1
e0300.nii.gz 212 316 298 1
e0300.nii.gz 212 316 295 1
e0300.nii.gz 341 229 458 1
e0300.nii.gz 341 317 342 1
e0300.nii.gz 343 320 328 1
e0300.nii.gz 344 321 313 1
e0300.nii.gz 345 323 298 1
e0300.nii.gz 350 329 301 1
e0300.nii.gz 360 277 327 1
e0300.nii.gz 368 274 309 1
e0300.nii.gz 376 271 292 1
e0300.nii.gz 378 266 291 1
e0329.nii.gz 173 212 201 1
e0329.nii.gz 174 214 201 1
e0329.nii.gz 174 216 202 1
e0329.nii.gz 176 217 203 1
e0329.nii.gz 175 210 201 1
e0329.nii.gz 173 290 264 1
e0329.nii.gz 178 292 263 1
e0329.nii.gz 183 293 262 1
e0329.nii.gz 188 294 262 1
e0329.nii.gz 179 295 195 1
e0329.nii.gz 184 313 247 1
e0329.nii.gz 183 364 189 1
e0329.nii.gz 182 383 154 1
e0329.nii.gz 183 384 161 1
e0329.nii.gz 188 381 168 1
e0329.nii.gz 191 375 174 1
e0329.nii.gz 189 256 285 1
e0329.nii.gz 190 215 222 1
e0329.nii.gz 193 212 221 1
e0329.nii.gz 194 208 220 1
e0329.nii.gz 196 204 219 1
e0329.nii.gz 197 200 218 1
e0329.nii.gz 316 380 194 1
e0329.nii.gz 322 384 161 1
e0329.nii.gz 384 377 162 1
004.nii.gz 180 199 340 1
004.nii.gz 182 198 431 1
004.nii.gz 185 203 419 1
004.nii.gz 186 193 352 1
004.nii.gz 187 202 355 1
004.nii.gz 187 207 359 1
004.nii.gz 190 214 369 1
004.nii.gz 192 219 379 1
004.nii.gz 335 224 446 1
004.nii.gz 337 227 457 1
004.nii.gz 339 232 468 1
004.nii.gz 340 236 479 1
e0778.nii.gz 219 216 359 1
e0778.nii.gz 218 222 348 1
e0778.nii.gz 224 228 348 1
e0778.nii.gz 226 223 345 1
e0778.nii.gz 219 221 347 1
e0778.nii.gz 229 216 337 1
e0778.nii.gz 363 363 175 1
e0778.nii.gz 368 314 180 1
e0778.nii.gz 370 311 179 1
e0778.nii.gz 374 311 172 1
e0778.nii.gz 375 310 165 1
e0778.nii.gz 377 315 170 1
e0505.nii.gz 179 375 70 1
e0505.nii.gz 182 370 72 1
e0505.nii.gz 184 365 79 1
e0505.nii.gz 184 362 87 1
e0505.nii.gz 185 359 95 1
e0505.nii.gz 367 225 231 1
018.nii.gz 115 287 222 1
018.nii.gz 144 348 239 1
018.nii.gz 273 348 352 1
018.nii.gz 275 347 361 1
018.nii.gz 276 350 370 1
018.nii.gz 277 356 374 1
006.nii.gz 142 277 270 1
006.nii.gz 164 273 302 1
006.nii.gz 170 259 316 1
006.nii.gz 159 287 359 1
006.nii.gz 267 258 355 1
006.nii.gz 282 272 342 1
006.nii.gz 279 279 318 1
006.nii.gz 290 303 273 1
001.nii.gz 106 249 94 1
001.nii.gz 115 251 101 1
001.nii.gz 125 255 108 1
001.nii.gz 135 259 112 1
001.nii.gz 120 292 86 1
001.nii.gz 126 284 99 1
001.nii.gz 168 279 130 1
001.nii.gz 191 247 140 1
001.nii.gz 210 261 142 1
001.nii.gz 184 276 142 1
001.nii.gz 161 69 120 1
001.nii.gz 169 300 117 1
001.nii.gz 185 277 179 1
001.nii.gz 217 263 166 1
001.nii.gz 333 299 151 1
001.nii.gz 336 296 174 1
001.nii.gz 347 317 124 1
001.nii.gz 202 171 128 1
001.nii.gz 348 236 168 1
001.nii.gz 350 242 169 1
001.nii.gz 350 248 169 1
001.nii.gz 351 254 168 1
001.nii.gz 350 301 193 1
001.nii.gz 392 329 85 1
e0404.nii.gz 120 229 338 1
e0404.nii.gz 126 232 340 1
e0404.nii.gz 132 235 342 1
e0404.nii.gz 138 235 343 1
e0404.nii.gz 140 230 338 1
e0404.nii.gz 135 272 302 1
e0404.nii.gz 157 264 306 1
e0404.nii.gz 146 289 290 1
e0404.nii.gz 149 305 254 1
e0404.nii.gz 157 284 310 1
e0404.nii.gz 140 198 388 1
e0404.nii.gz 156 231 420 1
e0404.nii.gz 155 236 454 1
e0404.nii.gz 172 249 418 1
e0404.nii.gz 166 259 360 1
e0404.nii.gz 148 305 244 1
e0404.nii.gz 149 308 240 1
e0404.nii.gz 149 310 236 1
e0404.nii.gz 151 310 232 1
e0404.nii.gz 152 311 228 1
e0404.nii.gz 155 197 488 1
e0404.nii.gz 280 320 363 1
e0404.nii.gz 281 319 368 1
e0404.nii.gz 281 321 359 1
e0404.nii.gz 283 325 354 1
e0404.nii.gz 285 328 351 1
e0404.nii.gz 287 336 341 1
e0404.nii.gz 298 326 228 1
e0404.nii.gz 298 298 369 1
e0404.nii.gz 301 301 360 1
e0404.nii.gz 306 309 333 1
e0404.nii.gz 312 306 333 1
e0404.nii.gz 305 235 448 1
e0404.nii.gz 305 244 439 1
e0404.nii.gz 308 250 429 1
e0404.nii.gz 312 244 426 1
e0404.nii.gz 318 234 426 1
e0404.nii.gz 332 200 417 1
035.nii.gz 134 240 242 1
035.nii.gz 136 242 247 1
035.nii.gz 141 245 250 1
035.nii.gz 145 246 254 1
035.nii.gz 149 249 258 1
035.nii.gz 154 313 221 1
035.nii.gz 163 309 227 1
035.nii.gz 170 307 236 1
035.nii.gz 170 305 245 1
035.nii.gz 190 220 323 1
035.nii.gz 191 226 328 1
035.nii.gz 309 289 372 1
035.nii.gz 315 281 402 1
035.nii.gz 326 256 351 1
035.nii.gz 316 306 343 1
035.nii.gz 313 274 415 1
035.nii.gz 321 304 293 1
035.nii.gz 335 296 286 1
035.nii.gz 322 310 280 1
035.nii.gz 325 316 260 1
035.nii.gz 327 278 340 1
035.nii.gz 331 277 341 1
035.nii.gz 335 277 343 1
035.nii.gz 339 277 343 1
035.nii.gz 331 290 274 1
035.nii.gz 334 290 274 1
035.nii.gz 336 287 273 1
035.nii.gz 338 285 272 1
035.nii.gz 341 282 270 1
035.nii.gz 360 296 232 1
037.nii.gz 120 312 250 1
037.nii.gz 126 311 250 1
037.nii.gz 132 310 251 1
037.nii.gz 138 309 250 1
037.nii.gz 131 314 185 1
037.nii.gz 168 280 212 1
037.nii.gz 157 238 225 1
037.nii.gz 183 278 222 1
037.nii.gz 170 283 259 1
037.nii.gz 137 354 157 1
037.nii.gz 141 372 134 1
037.nii.gz 143 371 133 1
037.nii.gz 145 371 133 1
037.nii.gz 147 370 132 1
037.nii.gz 149 370 132 1
037.nii.gz 151 370 132 1
037.nii.gz 158 323 282 1
037.nii.gz 161 322 280 1
037.nii.gz 164 322 278 1
037.nii.gz 164 321 275 1
037.nii.gz 166 318 274 1
037.nii.gz 302 334 258 1
037.nii.gz 304 353 222 1
037.nii.gz 309 342 186 1
037.nii.gz 322 346 174 1
037.nii.gz 313 317 258 1
037.nii.gz 319 301 233 1
037.nii.gz 329 291 213 1
037.nii.gz 336 265 215 1
037.nii.gz 335 294 207 1
037.nii.gz 342 273 195 1
037.nii.gz 322 348 128 1
e0736.nii.gz 162 249 92 1
e0736.nii.gz 180 281 109 1
e0736.nii.gz 325 311 201 1
e0736.nii.gz 366 329 76 1
e0736.nii.gz 378 311 82 1
e0736.nii.gz 382 253 148 1
020.nii.gz 117 233 242 1
020.nii.gz 183 230 332 1
020.nii.gz 186 230 331 1
020.nii.gz 189 231 329 1
020.nii.gz 191 232 326 1
020.nii.gz 188 230 323 1
020.nii.gz 193 273 304 1
020.nii.gz 195 278 298 1
020.nii.gz 196 283 292 1
020.nii.gz 198 287 286 1
020.nii.gz 195 271 306 1
020.nii.gz 201 295 270 1
020.nii.gz 201 296 268 1
020.nii.gz 201 296 266 1
020.nii.gz 201 297 264 1
020.nii.gz 201 298 262 1
020.nii.gz 205 308 219 1
020.nii.gz 213 253 360 1
020.nii.gz 215 252 360 1
020.nii.gz 217 250 361 1
020.nii.gz 219 249 362 1
020.nii.gz 220 247 362 1
020.nii.gz 380 272 220 1
e0425.nii.gz 120 253 95 1
e0425.nii.gz 166 326 110 1
e0425.nii.gz 168 314 117 1
e0425.nii.gz 174 304 123 1
e0425.nii.gz 183 294 133 1
e0425.nii.gz 180 317 117 1
e0425.nii.gz 334 256 175 1
e0425.nii.gz 349 262 152 1
e0588.nii.gz 145 242 263 1
e0588.nii.gz 149 244 264 1
e0588.nii.gz 150 240 264 1
e0588.nii.gz 153 247 268 1
e0588.nii.gz 157 251 272 1
e0588.nii.gz 148 244 351 1
e0588.nii.gz 151 245 352 1
e0588.nii.gz 154 246 353 1
e0588.nii.gz 157 246 354 1
e0588.nii.gz 160 247 353 1
e0588.nii.gz 157 279 381 1
e0588.nii.gz 173 277 379 1
e0588.nii.gz 172 283 389 1
e0588.nii.gz 189 275 370 1
e0588.nii.gz 193 282 374 1
e0588.nii.gz 161 297 304 1
e0588.nii.gz 168 268 203 1
e0588.nii.gz 168 269 206 1
e0588.nii.gz 169 270 209 1
e0588.nii.gz 170 272 212 1
e0588.nii.gz 193 215 251 1
e0588.nii.gz 198 217 250 1
e0588.nii.gz 200 214 246 1
e0588.nii.gz 201 210 242 1
e0588.nii.gz 201 206 237 1
e0588.nii.gz 312 293 373 1
e0588.nii.gz 314 294 370 1
e0588.nii.gz 326 285 352 1
e0588.nii.gz 344 265 347 1
e0588.nii.gz 354 244 334 1
e0588.nii.gz 344 311 338 1
e0588.nii.gz 346 311 340 1
e0588.nii.gz 347 309 342 1
e0588.nii.gz 349 309 342 1
e0588.nii.gz 351 309 342 1
e0588.nii.gz 357 273 295 1
e0588.nii.gz 358 285 305 1
e0588.nii.gz 359 296 193 1
e0588.nii.gz 364 336 156 1
e0588.nii.gz 366 337 153 1
e0588.nii.gz 367 337 150 1
e0588.nii.gz 369 337 147 1
e0747.nii.gz 174 236 233 1
e0747.nii.gz 177 250 241 1
e0747.nii.gz 177 262 253 1
e0747.nii.gz 178 274 267 1
e0747.nii.gz 180 276 282 1
e0747.nii.gz 294 345 180 1
e0747.nii.gz 295 345 185 1
e0747.nii.gz 295 345 190 1
e0747.nii.gz 296 345 195 1
e0747.nii.gz 296 345 200 1
e0747.nii.gz 299 347 248 1
e0747.nii.gz 299 347 254 1
e0747.nii.gz 300 346 260 1
e0747.nii.gz 301 342 266 1
e0747.nii.gz 326 336 235 1
e0747.nii.gz 333 278 304 1
e0747.nii.gz 468 357 588 1
e0747.nii.gz 469 357 586 1
e0747.nii.gz 471 357 570 1
e0747.nii.gz 471 358 554 1
e0747.nii.gz 470 356 607 1
e0233.nii.gz 119 309 172 1
e0233.nii.gz 124 310 178 1
e0233.nii.gz 131 314 184 1
e0233.nii.gz 135 320 190 1
e0233.nii.gz 140 322 197 1
e0233.nii.gz 177 335 224 1
e0233.nii.gz 178 332 224 1
e0233.nii.gz 184 320 229 1
e0233.nii.gz 190 307 239 1
e0233.nii.gz 197 302 254 1
e0233.nii.gz 181 364 212 1
e0233.nii.gz 187 243 320 1
e0233.nii.gz 189 244 313 1
e0233.nii.gz 191 243 306 1
e0233.nii.gz 193 243 299 1
e0233.nii.gz 196 242 292 1
e0233.nii.gz 188 246 331 1
e0233.nii.gz 189 247 336 1
e0233.nii.gz 189 247 341 1
e0233.nii.gz 188 247 346 1
e0233.nii.gz 188 247 351 1
e0233.nii.gz 197 250 281 1
e0233.nii.gz 197 255 282 1
e0233.nii.gz 207 275 306 1
e0233.nii.gz 217 273 293 1
e0233.nii.gz 232 267 281 1
e0233.nii.gz 243 260 267 1
e0233.nii.gz 240 264 268 1
e0786.nii.gz 134 266 79 1
e0786.nii.gz 158 244 114 1
e0786.nii.gz 174 238 130 1
e0786.nii.gz 166 275 97 1
e0786.nii.gz 188 250 93 1
e0786.nii.gz 310 298 76 1
e0786.nii.gz 318 272 120 1
e0786.nii.gz 350 254 95 1
e0786.nii.gz 331 282 88 1
e0786.nii.gz 312 302 66 1
e0786.nii.gz 312 270 83 1
027.nii.gz 140 319 92 1
027.nii.gz 188 311 161 1
027.nii.gz 174 267 158 1
027.nii.gz 184 334 118 1
027.nii.gz 201 347 26 1
027.nii.gz 159 352 65 1
027.nii.gz 160 349 66 1
027.nii.gz 162 345 70 1
027.nii.gz 165 341 72 1
027.nii.gz 167 337 75 1
027.nii.gz 170 311 240 1
027.nii.gz 172 311 236 1
027.nii.gz 175 310 232 1
027.nii.gz 175 311 228 1
027.nii.gz 173 310 226 1
027.nii.gz 183 284 259 1
027.nii.gz 190 287 252 1
027.nii.gz 196 289 249 1
027.nii.gz 201 295 244 1
027.nii.gz 310 299 231 1
027.nii.gz 314 306 227 1
027.nii.gz 326 318 179 1
027.nii.gz 338 293 188 1
027.nii.gz 348 313 208 1
027.nii.gz 352 240 216 1
027.nii.gz 357 297 121 1
e0161.nii.gz 189 268 39 1
e0161.nii.gz 203 264 42 1
e0161.nii.gz 202 252 46 1
e0161.nii.gz 211 273 38 1
e0161.nii.gz 215 287 30 1
e0161.nii.gz 213 262 50 1
e0161.nii.gz 320 269 43 1
e0161.nii.gz 321 274 40 1
e0161.nii.gz 322 267 43 1
e0161.nii.gz 326 265 42 1
e0161.nii.gz 331 266 42 1
e0161.nii.gz 322 239 40 1
e0161.nii.gz 325 280 51 1
e0161.nii.gz 330 282 31 1
013.nii.gz 198 257 360 1
013.nii.gz 289 336 292 1
013.nii.gz 302 302 363 1
013.nii.gz 304 304 343 1
033.nii.gz 117 306 234 1
033.nii.gz 138 341 201 1
033.nii.gz 163 295 250 1
033.nii.gz 168 285 309 1
033.nii.gz 176 344 309 1
033.nii.gz 152 316 386 1
033.nii.gz 164 314 380 1
033.nii.gz 172 312 368 1
033.nii.gz 166 325 363 1
033.nii.gz 174 303 359 1
033.nii.gz 160 273 406 1
033.nii.gz 161 273 403 1
033.nii.gz 163 272 399 1
033.nii.gz 163 272 395 1
033.nii.gz 165 272 391 1
033.nii.gz 162 236 387 1
033.nii.gz 162 241 381 1
033.nii.gz 164 248 377 1
033.nii.gz 167 255 375 1
033.nii.gz 166 353 154 1
033.nii.gz 315 278 374 1
033.nii.gz 317 277 370 1
033.nii.gz 324 261 361 1
033.nii.gz 329 243 364 1
033.nii.gz 315 316 414 1
033.nii.gz 317 314 407 1
033.nii.gz 318 311 399 1
033.nii.gz 326 310 396 1
033.nii.gz 334 315 404 1
033.nii.gz 321 336 306 1
033.nii.gz 325 333 316 1
033.nii.gz 333 339 316 1
033.nii.gz 343 344 317 1
033.nii.gz 353 353 316 1
033.nii.gz 324 346 297 1
033.nii.gz 326 355 292 1
033.nii.gz 326 364 285 1
033.nii.gz 326 373 281 1
033.nii.gz 324 347 138 1
033.nii.gz 327 349 132 1
033.nii.gz 329 351 125 1
033.nii.gz 330 353 118 1
033.nii.gz 328 353 111 1
033.nii.gz 325 327 465 1
033.nii.gz 335 282 306 1
033.nii.gz 343 264 288 1
033.nii.gz 349 256 266 1
033.nii.gz 350 277 299 1
033.nii.gz 372 271 289 1
033.nii.gz 389 310 203 1
033.nii.gz 392 308 197 1
033.nii.gz 396 305 190 1
033.nii.gz 403 301 185 1
033.nii.gz 410 298 181 1
012.nii.gz 196 249 230 1
012.nii.gz 208 311 230 1
012.nii.gz 287 279 251 1
012.nii.gz 362 347 185 1
012.nii.gz 220 279 249 1
012.nii.gz 222 303 277 1
012.nii.gz 226 290 293 1
012.nii.gz 228 290 290 1
012.nii.gz 231 287 286 1
012.nii.gz 235 286 282 1
012.nii.gz 239 282 278 1
012.nii.gz 228 298 323 1
012.nii.gz 229 272 342 1
008.nii.gz 126 264 453 1
008.nii.gz 167 270 200 1
008.nii.gz 169 307 230 1
008.nii.gz 191 265 310 1
008.nii.gz 229 250 324 1
008.nii.gz 310 279 346 1
008.nii.gz 174 317 216 1
008.nii.gz 174 343 163 1
008.nii.gz 179 333 167 1
008.nii.gz 185 316 175 1
008.nii.gz 191 299 188 1
008.nii.gz 320 316 238 1
008.nii.gz 323 323 231 1
008.nii.gz 334 334 230 1
e0833.nii.gz 147 254 209 1
e0833.nii.gz 155 257 211 1
e0833.nii.gz 163 258 212 1
e0833.nii.gz 171 254 210 1
e0833.nii.gz 171 246 208 1
e0833.nii.gz 366 361 221 1
017.nii.gz 181 214 158 1
017.nii.gz 183 208 157 1
017.nii.gz 183 201 156 1
017.nii.gz 185 194 155 1
017.nii.gz 183 187 151 1
017.nii.gz 328 319 114 1
017.nii.gz 333 294 134 1
017.nii.gz 355 297 105 1
017.nii.gz 339 273 140 1
017.nii.gz 330 340 85 1
017.nii.gz 353 332 90 1
017.nii.gz 361 337 81 1
017.nii.gz 370 344 73 1
017.nii.gz 376 339 63 1
017.nii.gz 386 339 59 1
e0768.nii.gz 164 285 130 1
e0768.nii.gz 176 257 171 1
e0768.nii.gz 195 280 207 1
e0768.nii.gz 202 280 267 1
e0768.nii.gz 197 321 130 1
e0768.nii.gz 315 287 216 1
e0768.nii.gz 322 297 216 1
e0768.nii.gz 319 296 227 1
e0768.nii.gz 321 278 186 1
e0768.nii.gz 323 281 234 1
e0768.nii.gz 319 287 269 1
e0768.nii.gz 320 286 275 1
e0768.nii.gz 322 285 281 1
e0768.nii.gz 328 285 282 1
e0768.nii.gz 319 288 263 1
e0768.nii.gz 322 321 161 1
e0768.nii.gz 323 321 165 1
e0768.nii.gz 324 321 169 1
e0768.nii.gz 323 319 173 1
e0768.nii.gz 323 306 151 1
e0768.nii.gz 325 311 145 1
e0768.nii.gz 325 312 139 1
e0768.nii.gz 329 312 133 1
e0768.nii.gz 330 310 127 1
e0768.nii.gz 323 306 172 1
e0768.nii.gz 326 322 122 1
e0768.nii.gz 329 257 199 1
e0768.nii.gz 332 253 198 1
e0768.nii.gz 336 250 198 1
e0768.nii.gz 340 249 200 1
e0768.nii.gz 344 247 199 1
e0768.nii.gz 335 311 306 1
e0768.nii.gz 346 276 163 1
e0768.nii.gz 355 276 155 1
040.nii.gz 122 271 242 1
040.nii.gz 142 272 267 1
040.nii.gz 140 238 261 1
040.nii.gz 140 275 275 1
040.nii.gz 151 292 303 1
040.nii.gz 158 279 383 1
040.nii.gz 167 280 359 1
040.nii.gz 172 298 357 1
040.nii.gz 171 315 380 1
040.nii.gz 161 350 187 1
040.nii.gz 162 351 191 1
040.nii.gz 165 351 195 1
040.nii.gz 165 352 199 1
040.nii.gz 167 352 198 1
040.nii.gz 265 218 394 1
040.nii.gz 290 322 336 1
040.nii.gz 302 310 292 1
040.nii.gz 297 344 340 1
040.nii.gz 299 338 239 1
040.nii.gz 300 343 231 1
040.nii.gz 302 348 222 1
040.nii.gz 305 354 213 1
040.nii.gz 308 361 204 1
040.nii.gz 305 224 337 1
040.nii.gz 305 227 337 1
040.nii.gz 305 230 338 1
040.nii.gz 306 223 337 1
040.nii.gz 306 220 337 1
040.nii.gz 341 284 317 1
040.nii.gz 343 347 183 1
040.nii.gz 345 348 180 1
040.nii.gz 348 350 177 1
040.nii.gz 350 351 174 1
040.nii.gz 352 351 171 1
e0171.nii.gz 122 310 160 1
e0171.nii.gz 154 310 182 1
e0171.nii.gz 150 271 196 1
e0171.nii.gz 146 241 175 1
e0171.nii.gz 142 187 207 1
e0171.nii.gz 144 190 210 1
e0171.nii.gz 145 191 213 1
e0171.nii.gz 145 189 216 1
e0171.nii.gz 145 186 217 1
e0171.nii.gz 148 268 298 1
e0171.nii.gz 156 259 297 1
e0171.nii.gz 160 249 293 1
e0171.nii.gz 168 242 284 1
e0171.nii.gz 168 235 277 1
e0171.nii.gz 150 214 287 1
e0171.nii.gz 149 215 191 1
e0171.nii.gz 155 220 230 1
e0171.nii.gz 167 298 169 1
e0171.nii.gz 169 278 225 1
e0171.nii.gz 314 290 205 1
e0171.nii.gz 315 291 207 1
e0171.nii.gz 317 292 209 1
e0171.nii.gz 314 291 203 1
e0171.nii.gz 316 292 201 1
e0171.nii.gz 317 292 199 1
e0171.nii.gz 317 297 249 1
e0171.nii.gz 324 309 249 1
e0171.nii.gz 319 291 255 1
e0171.nii.gz 322 284 267 1
e0171.nii.gz 320 295 276 1
e0171.nii.gz 328 266 195 1
e0171.nii.gz 329 267 200 1
e0171.nii.gz 329 267 205 1
e0171.nii.gz 329 266 210 1
e0171.nii.gz 329 230 238 1
e0171.nii.gz 330 229 237 1
e0171.nii.gz 332 224 233 1
e0171.nii.gz 332 221 228 1
e0171.nii.gz 334 217 223 1
e0171.nii.gz 339 243 244 1
e0171.nii.gz 346 238 243 1
e0171.nii.gz 353 237 245 1
e0171.nii.gz 359 238 247 1
e0171.nii.gz 359 232 246 1
e0485.nii.gz 186 274 51 1
e0485.nii.gz 200 287 48 1
e0485.nii.gz 213 306 53 1
e0485.nii.gz 200 265 44 1
e0485.nii.gz 190 258 36 1
e0485.nii.gz 192 270 35 1
e0485.nii.gz 196 277 34 1
e0485.nii.gz 197 289 33 1
e0485.nii.gz 196 301 31 1
e0485.nii.gz 353 286 40 1
e0485.nii.gz 356 287 38 1
e0485.nii.gz 358 284 38 1
e0485.nii.gz 358 281 36 1
e0485.nii.gz 360 278 34 1
038.nii.gz 145 207 337 1
038.nii.gz 148 208 336 1
038.nii.gz 151 209 334 1
038.nii.gz 154 210 334 1
038.nii.gz 157 211 334 1
038.nii.gz 171 332 186 1
038.nii.gz 180 311 279 1
038.nii.gz 200 294 167 1
038.nii.gz 201 166 367 1
038.nii.gz 204 286 195 1
